,subway_station,department_store,embassy,beauty_salon,police,courthouse,cemetery,pharmacy,local_government_office,shopping_mall,city_hall,rv_park,shoe_store,bank,bowling_alley,bar,university,car_dealer,movie_theater,taxi_stand,jewelry_store,church,convenience_store,campground,lawyer,parking,post_office,hindu_temple,hardware_store,meal_takeaway,movie_rental,gas_station,funeral_home,aquarium,restaurant,home_goods_store,casino,veterinary_care,airport,bus_station,museum,night_club,electrician,mosque,amusement_park,lodging,florist,liquor_store,hospital,car_rental,stadium,store,hair_care,transit_station,meal_delivery,gym,park,dentist,library,book_store,painter,roofing_contractor,moving_company,clothing_store,furniture_store,physiotherapist,atm,art_gallery,car_wash,locksmith,spa,accounting,cafe,car_repair,synagogue,real_estate_agency,electronics_store,doctor,bicycle_store,storage,zoo,train_station,fire_station,laundry,insurance_agency,plumber,pet_store,bakery,travel_agency,highSales,lowSales
subway_station,1.0,0.09111425077092043,0.1377850428743151,0.06817134439052545,-0.0502230749507603,-0.024788430610565782,-0.020242443487967283,0.07526569215460217,0.05418466024790453,-0.030841400137282045,-0.0025777048749501307,,0.040483909184362246,0.07061927255325988,-0.014560190658208799,0.02678530791523594,0.17276763666368308,-0.06029230406893137,0.1255280885941317,-0.024788430610565765,0.054618969397502416,0.11588069956017583,-0.02874894196613666,-0.009156986997206911,0.049912221490183956,0.15841677835507828,0.07778257931976124,,-0.03423226655282893,0.031040524138149114,-0.007922796137594161,0.11544904113517462,-0.03310877130290768,-0.004565734086432819,0.029981267559834258,-0.02453036328433632,-0.009156986997206925,0.09480909262799636,-0.009156986997206839,0.026159350232762134,-0.029716183905472697,0.01791723436581166,-0.008665834913752935,0.14859326428810404,-0.007922796137594017,0.051935225233174336,0.0641196867705851,0.0379460236063719,0.09329684690117507,0.15980069302514527,-0.013799996964000657,0.016648356428918546,0.044528817614544004,0.02184497023101064,0.030589547153389792,0.06525802591401411,-0.06604176472216332,0.07432941462471611,0.1259875478609709,0.07975456719309688,-0.08357339649966598,-0.02478843061056586,-0.043880147588181054,-0.0025202352416715183,0.04088454635576756,0.07308682200847746,0.06301270236191238,0.10059978512095424,-0.02790572626449825,-0.05452934498521121,0.13236151152109069,0.07137447780411739,0.0793720892852857,0.07708345872512345,-0.010247386289132328,0.0508432640163958,0.07154205225757115,0.05238573775975437,-0.06573827785585572,-0.04420496737025315,-0.0064629211391775375,0.046990259417104434,-0.025708724836453572,0.12800613914661227,0.10639310953009036,-0.038867938538197803,-0.027476992600211202,0.07841677309703764,0.08001175769359535,0.10599978800063638,-0.10599978800063638
department_store,0.09111425077092043,1.0,0.3724802555102086,0.25231233476318826,0.047542575013118815,0.22304020397049032,-0.06116331616453367,0.2639017139187373,0.31728193902979246,0.5200903772245659,0.08289956709807021,,0.442634849902924,0.26351618988863673,0.045618355126691386,0.2956826072986489,0.4145866296238301,0.057074390441470745,0.40021272241842715,0.04682702160901961,0.4481679631413324,0.24690994401539398,0.14613585662027265,-0.039659213591243636,0.3771502457729316,0.4536353539828062,0.09113138066301314,,0.08554237463734062,0.3332153653480076,0.09710101396244519,0.05885716881408933,0.14835299592981344,-0.019774345359439147,0.1112012112293559,0.22003272690145942,0.07425554885168875,0.01747324750580177,0.017298167630222468,0.09230168310400567,0.3249094776093055,0.4862391420669844,-0.03753201767085773,-0.027912278378314406,-0.03431389215214191,0.2613789798840729,0.31359111014854524,0.3614678426374028,0.36392409735975095,0.17965203124427098,-0.021618300784274503,0.07210458240893551,0.17917806702852015,0.09461128868592455,0.09284474401151653,0.2500313361818431,0.2580589150342902,0.2388064894370973,0.24149781300844508,0.49590645450643894,0.02980052163363344,0.002773726018652569,0.1692656471841412,0.2747384651413842,0.3270476532960902,0.19113250787097397,0.2506720640732301,0.4057701968265242,0.01800051840140289,0.2921088682688141,0.3930865863888414,0.3946659641292531,0.29286599085831744,-0.03145708601114656,0.10859369009212222,0.1701048132361251,0.24665590339437485,0.1408122141235503,0.1950598281307259,0.15224600959703968,-0.027991125242417304,-0.06829970009304538,-0.06870244240584783,0.30249023411003634,0.31427343730768503,0.04320385267763725,0.08206642539724686,0.2681215214761969,0.27543625645016484,0.15628547684260538,-0.15628547684260538
embassy,0.1377850428743151,0.3724802555102086,1.0,0.20540904744094465,0.09000100637166751,0.1670048701298711,-0.031990345498855176,0.21579094047416947,0.20675316620913572,0.2677472554340956,0.01831610763643582,,0.21099414710755454,0.14763160016168003,-0.0016686888595784264,0.24034444119530812,0.4018366021063985,0.14573554356237522,0.3212563539742324,0.05742694805194869,0.28218798994587657,0.23769657629244645,0.052004544150472974,0.04145319389389663,0.29091570186999605,0.3637925017035592,0.020375702352019093,,-0.0060002367477395594,0.24145548140601053,-0.02542405487208523,-0.05626639061448766,0.04316212060954635,-0.014651326618643296,0.09620913858416859,0.14565887385511694,0.11229093029485991,0.027164286575782,0.041453193893896435,0.05783287029434909,0.24668827216134742,0.3531894529538699,-0.00343091238370442,-0.014409760442606147,-0.025424054872085187,0.22022775323648444,0.16112637650201705,0.2895092564193472,0.30846570526488504,0.35895750215676364,-0.044283845495223705,0.05342415985821236,0.10886999106401943,0.07009996372327873,0.08830116142669359,0.23779544672110386,0.2346828947000722,0.21267824367042706,0.20847485411916383,0.34298157473135665,-0.06829554410152408,0.057426948051948846,0.15137743541049997,0.1435508517228414,0.24878864281810384,0.1695459757772797,0.14689142506882163,0.3740063700320814,-0.01553397176677324,0.22818619455697856,0.312702900905489,0.3141483399749914,0.19140240363669858,-0.01631631183873563,0.030534777551247786,0.16315476402265164,0.2033781386114747,0.15281199630156211,0.0873946035446472,0.11462199599561196,-0.02073935247389799,-0.10987980203244187,-0.055981230670414835,0.26754655494436025,0.18348464980556536,0.08199080085141107,0.03686223440691873,0.18811641515832875,0.21885993295620365,0.1579270974937069,-0.1579270974937069
beauty_salon,0.06817134439052545,0.25231233476318826,0.20540904744094465,1.0,0.1258837978018658,0.11368208956830114,-0.03182905245377964,0.43149001770158374,0.26057807594768434,0.2256128565654581,0.11541613364984946,,0.3439126009730803,0.3654725307947803,0.027955794837332376,0.28945007820189894,0.19503117100470663,0.08166494982310255,0.2665977478232167,0.07696658217183973,0.3658024179156539,0.2858804982730981,0.029419266163225027,0.008087517099354881,0.38990035223186736,0.24538509583292445,0.2278559301370985,,0.026754547550778995,0.376570689418716,0.048069582098834614,-0.04681422063434685,0.12936364986976787,0.02770144854135772,0.2843686536551738,0.38237021306833036,0.0555577261607861,0.11286166745701828,0.00808751709935481,0.19124903044982794,0.2457853436477951,0.25973035484529966,0.2159379868525459,0.039942196303783394,-0.06145604799977565,0.2951606874644024,0.32606992143797137,0.28857761778321045,0.24916165451554853,0.09081867306597059,-0.04345378604014469,0.24421340928157906,0.493597076798132,0.23808193806171773,0.17781237480377085,0.3105540075911545,0.22837656559293557,0.46688207389031006,0.2615150109351211,0.30655172050388735,0.18055489680196393,-0.033179940017542424,0.11650041234798612,0.3578843977828486,0.26007313060374965,0.3753044063282556,0.3868443127038286,0.253368451693055,-0.012552895705656252,0.15072690582214426,0.40658699289534556,0.33976443798990497,0.3074307470484559,0.09230457898585474,0.062173450883905086,0.3491504981416874,0.2506325710842035,0.358525388089131,0.14439399417925994,0.11924829583500982,-0.027795958700941644,0.004215416154685421,0.08490118768064514,0.26410269186992225,0.3476769966653595,0.09729501995329594,0.08292042358152663,0.3925948576453537,0.3525823701980722,0.13025360541309416,-0.13025360541309416
police,-0.0502230749507603,0.047542575013118815,0.09000100637166751,0.1258837978018658,1.0,0.1482138665975249,-0.012554746648238533,0.16407345960256764,0.33933553826240864,0.06579516949597605,0.17073455148378305,,0.2097058588174478,0.20156462862460686,-0.02958269166294925,0.16774501929801125,-0.03558294399936472,0.020045289172501205,0.1273201313236118,-0.002877939157233431,0.16637727171177363,0.15279627731904677,0.0419925650661014,-0.04093039194126269,0.20378428085765396,0.13858253814987814,0.11689564532472603,,0.05973243437564158,0.2153845390344429,-0.035413739397180406,-0.002721900541385247,0.053815041068343845,-0.020408163265306017,0.13401187885209676,0.16117940678120274,0.07069794971672672,0.04494665749754919,0.01488377888773226,0.07578061980238693,0.19792797085928449,0.23298157322862514,0.0813115169879678,-0.03251280443811754,-0.03541373939718041,0.08116883116883038,0.11876629873500792,0.09336349477438594,0.14878359647389686,0.09956709956709998,-0.02429974460886886,0.07441571709355384,0.09181181799387725,0.07343460870923213,0.12507760647616095,0.1623006176865942,0.014040075215012996,0.21006900368355544,0.2107413996627329,0.18158933543370281,0.02017917651845916,0.14821386659752558,0.0069968619121894915,0.18331361922720363,0.115655164571943,0.20379558785594062,0.18359496589062174,0.04271188433640423,0.011339501179510747,0.13275201653393065,0.17966526950677789,0.13797401320428593,0.1652544212224036,-0.043788120581554846,-0.045804317218713836,0.1168015964136059,0.18560802731204631,0.19800891085975042,0.06945320497205594,0.031434730673096475,-0.028888311776864444,0.03674489276576673,0.05223374458050912,0.133123998998209,0.24583712634011673,0.0779828739874994,-0.024300914655447488,0.1803440897915841,0.14862996314567933,-0.004785894358377161,0.004785894358377161
courthouse,-0.024788430610565782,0.22304020397049032,0.1670048701298711,0.11368208956830114,0.1482138665975249,1.0,-0.044658278115289954,0.09527827688669939,0.24385275709802795,0.1385128128359519,0.1990399600007847,,0.1952281455089961,0.13769767065938615,-0.0321222605468783,0.19875591443888624,0.037108518478353864,0.003023070273249585,0.09470039207420922,0.09598214285714475,0.19400424308778857,0.13826107865585274,0.0688125196785571,-0.020201872973607524,0.20000454503562062,0.11457954897112069,-0.003502073841753245,,-0.01840457233200754,0.15764178972996712,-0.01747903772455837,0.0032287696058876676,0.04434789315376415,-0.010072787050317186,0.06614378277661484,0.07060158816502506,0.07720001457771605,0.007470178808339968,0.07720001457771603,-0.04999932097354282,0.2703798229091324,0.2047010092519682,0.03116035885331707,-0.05043416154912068,-0.01747903772455836,0.1089120099815546,0.11914290193080528,0.20790855398685368,0.09972429949885399,0.02014557410063457,-0.030445143777965884,0.03672910990252087,0.07484811885651195,0.005945979065813921,0.060707048480851795,0.1551212055818025,0.09621397188739456,0.12844923627619803,0.1433264622069244,0.2537541346045416,0.03893678886275929,-0.017020089285714322,-0.025908585455034872,0.10762703445316547,0.09577371558684768,0.12549868224059152,0.120002304371076,0.1515620229125018,0.04020557398458786,0.10554855848569884,0.15507195981574254,0.18086934640116265,0.15770066977734398,-0.03631731564657774,-0.022607479533134987,0.09075051054017949,0.13982247029538722,0.11557186006424555,0.07873048336565099,0.02002718576442666,-0.014258304825804854,0.008462735988495404,-0.02025636636100518,0.14701384815134885,0.18460949439730875,0.043448860298380514,-0.06061892567670404,0.13806417988452277,0.14178175006921054,0.05011148285857943,-0.05011148285857943
cemetery,-0.020242443487967283,-0.06116331616453367,-0.031990345498855176,-0.03182905245377964,-0.012554746648238533,-0.044658278115289954,1.0,-0.013445352884895644,-0.017982237947851823,-0.059218643462487924,0.04375075631760315,,-0.061232518429469474,0.01831345752890277,-0.026231311454981195,-0.005527755013337508,-0.0118936387434224,-0.015071849008969733,-0.04376766893499297,-0.044658278115290044,0.0031376201660166954,0.08767809937250932,-0.012009006716376749,-0.016497021471179738,-0.08586415928153573,0.02444445604419878,-0.007375333815492155,,-0.02730373828548569,0.042509592352180534,-0.0142735310242924,0.02641444346769987,0.010987792504483491,-0.00822552366608757,0.015635508891519583,-0.01259532413356697,-0.016497021471179804,-0.004494892770274298,-0.01649702147117986,0.003920673522920506,0.030994530618079236,-0.04417165420589279,-0.04586542673228767,-0.04118496572291887,-0.014273531024292258,-0.08712561251579581,0.018164861468572432,0.014985230632151774,0.040392971579238886,-0.02121319261254183,0.05364906886924634,0.029993303862013335,0.05207400421352269,0.0393554062103833,-0.0019940915421183484,-0.04010859569894401,0.037779781386365854,-0.015758799264835307,0.03182905245377943,-0.021966731620434582,0.03548761251919108,-0.0446582781152904,0.034707692743989015,-0.04038565454402762,-0.06053565001401988,-0.0403856545440273,0.04487498266394608,-0.04204797148809531,-0.05027432773408198,0.000594832283294688,-0.00873575898541198,-0.05449382570353859,-0.024595444820623775,-0.018869264829875405,-0.018461460269284084,0.01427192580173541,-0.0011640510546652447,-0.0068416270497957165,-0.051113016984491014,0.0335320729664438,-0.011643453117501812,-0.00969750442641688,0.041440863726308196,-0.03229815993667589,-0.029445574761779936,0.02326442053169865,-0.008122607844134423,0.05718692392667012,-0.023069774032762884,-0.010050885785905664,0.010050885785905664
pharmacy,0.07526569215460217,0.2639017139187373,0.21579094047416947,0.43149001770158374,0.16407345960256764,0.09527827688669939,-0.013445352884895644,1.0,0.30321699052795376,0.28506774113658223,0.1735299267827642,,0.44100136386470695,0.46215848731475156,0.010238330728166076,0.3532526939056842,0.22221250293201064,0.07525781356619612,0.28177702816277733,0.11297094178312961,0.3963564570852834,0.23202418060636176,0.05282479131240256,-0.0301613721821898,0.4230102333014918,0.27140492597817106,0.29321239272594235,,0.08175265259930131,0.42550004506687455,0.0530720114235285,-0.04889503427465191,0.12528955659675936,-0.06066155715481179,0.3683804427106895,0.32773262270879094,0.06133941983119493,0.11754476412139411,0.01558902382450254,0.2463744718241728,0.26934780719499185,0.28579638835917837,0.18006674129758143,0.05795418860471788,-0.05248558035807478,0.3134462075826617,0.3081566818655943,0.3416578252124168,0.3131653548631762,0.10053934960198577,-0.06077632612870982,0.22119449050866025,0.4378110530328758,0.23070583528848573,0.2185644201129568,0.3393418071640394,0.2326147251807261,0.4534599278759445,0.31869135420354366,0.3568678795097916,0.11605383704563116,-0.01087771249187909,0.10522879797279502,0.4757785904710101,0.3441720884184741,0.39183412244044546,0.4620918850336255,0.26073437497869434,0.011655499032749508,0.2881213644760479,0.31939039722990253,0.27769393788222607,0.3922608229236662,0.04037570049285955,0.0686436193426106,0.413947296187808,0.3921582730273674,0.4194647776116575,0.21263671139641233,0.1415127834829429,-0.021287632047783396,-0.06487158630324567,0.052330118366686655,0.337800113214531,0.3857455017176977,0.05403242860089118,0.13560643135059208,0.385467209284283,0.39407639613280687,0.1608412149546165,-0.1608412149546165
local_government_office,0.05418466024790453,0.31728193902979246,0.20675316620913572,0.26057807594768434,0.33933553826240864,0.24385275709802795,-0.017982237947851823,0.30321699052795376,1.0,0.2198151372550009,0.5487838590160375,,0.36420451015655914,0.3980001563704748,-0.004130327621907023,0.31583056713538266,0.2695519772021068,0.010883903321863132,0.31255907706027886,0.023481187217987337,0.33204460257775137,0.27136322633450843,0.06920974195954346,-0.07273242514768184,0.36357599282269915,0.3067986650370332,0.2080394399163246,,0.01085319921094481,0.34937165622788835,-0.012361142428630272,-0.026099190335716824,0.09362702169421423,-0.03626486668453207,0.1807283836140882,0.1655619895987215,0.10260467119048036,0.11766450913024223,0.05877039710593976,0.1269895799528565,0.3137302574730172,0.35959600526971713,0.10464366747648486,0.0008106123564608363,-0.012361142428630269,0.3003184272312809,0.3084318836994905,0.3333368360179983,0.2747695407517758,0.15412568340926355,0.03718947401281788,0.13223512692194855,0.20631624668470938,0.11647205285789665,0.18195459579577253,0.24232767201094718,0.20402953511771776,0.38249538110084624,0.2929514442370993,0.40454202961660374,0.08606847974608325,-0.010422131225095985,0.03434906515445316,0.2748874193892082,0.2845928297155753,0.28293028926730557,0.3550275123169559,0.3297158133662731,-0.06898307738076707,0.22292410934191692,0.36571564191200195,0.30358775618093076,0.32491068516017013,-0.04791657080644053,0.11482267050056513,0.2110590230578604,0.31696681486831146,0.29307232590021065,0.09883519697355335,0.07210350205809408,-0.05133390799113125,0.04559032942165497,0.05834289333629915,0.2717233341586754,0.39402110049507294,0.04014069560585361,0.10671547575902385,0.27695224485171804,0.2994054639470982,0.09020771689863959,-0.09020771689863959
shopping_mall,-0.030841400137282045,0.5200903772245659,0.2677472554340956,0.2256128565654581,0.06579516949597605,0.1385128128359519,-0.059218643462487924,0.28506774113658223,0.2198151372550009,1.0,0.00530662683456738,,0.48468256280235833,0.2347120040123619,0.0299745324665089,0.23029866823384454,0.2874596549453278,0.06958330061292567,0.2767333237471105,0.102062072615965,0.4111932869662844,0.20447945297729656,0.1103709012366357,-0.009425577263592408,0.3001024419800509,0.3663462278623183,0.12454411962617751,,0.09258180373599732,0.3130388761043362,0.005436790300955517,0.0397469808759119,0.09371974928126138,-0.028197929783990255,0.154303349962092,0.25821576691642295,0.08483019537233283,0.054216670719362606,-0.009425577263592437,0.057327704790594965,0.22431061382393216,0.3688555567816566,-0.04541100500385693,0.035296560400126305,0.00543679030095572,0.18093671611393436,0.20974369170191148,0.3545359569938998,0.28628826332225105,0.16814321093416496,-0.0536624823631192,0.10282008910603735,0.19578869134059335,0.07358963233270278,0.09052452550075053,0.3301956617678401,0.29442509983169796,0.2441430727607484,0.17409496018436832,0.3796300230712198,-0.06732371642558278,0.010935222065996349,0.1063430942695146,0.34761718543520875,0.30915378136106575,0.200614893086985,0.2879643238743767,0.27768264299030143,0.04103464211581584,0.31889097310963616,0.3370897796882236,0.2879266702727312,0.27121100620765337,-0.09877574374269688,0.1476714379375865,0.15855824728316065,0.2936905322934235,0.08953136944759509,0.22555498415031766,0.13650472655798618,-0.03991493876604044,-0.051213774705143905,-0.017641870800832113,0.25458862693143774,0.23680844583262436,0.0350070021007005,0.19631687984657825,0.18848023672966943,0.25884144293425615,0.10506787307658863,-0.10506787307658863
city_hall,-0.0025777048749501307,0.08289956709807021,0.01831610763643582,0.11541613364984946,0.17073455148378305,0.1990399600007847,0.04375075631760315,0.1735299267827642,0.5487838590160375,0.00530662683456738,1.0,,0.14400359455884276,0.22349809894881667,-0.027390761966216506,0.08422225057948377,-0.028776541783246196,-0.059100377243808046,0.09002246512423548,0.0016248160000061776,0.13600569751134253,0.17307283628978132,-0.02905567345739526,-0.039914380948139594,0.14558682201185205,0.059143120612574526,0.11471494832349992,,0.050354284723907065,0.15152799182815238,-0.03453466771404727,-0.03371745147870686,0.04367512012955308,-0.019901573485839624,0.13068531549257315,0.07273473843521562,0.07352649122025828,0.14572967367112102,0.016806055136059195,0.07220999084346454,0.23505072129720767,0.09289719764377531,0.10374157045627397,-0.028845073886435757,0.030899439533621186,0.2148322485234589,0.21938753377505868,0.12924192820409444,0.07592278763646848,0.01906361249696221,0.015829682154538588,0.07256850324970329,0.09875090992381558,0.07061771644761962,0.054387356419464204,0.039321994018188325,0.04806184464638536,0.2205307878892999,0.16253284001119292,0.1559597385058046,0.06585526587443745,-0.06418023200025376,-0.09493371157799903,0.16246903451596537,0.1457439044343864,0.1104326889414567,0.20822943246149928,0.11063514127518666,-0.04261911291849986,0.03730825511484558,0.10844933322081331,0.08281863976547733,0.133096156016149,-0.06514266458394434,0.006112370279018265,0.10936673025921984,0.1650027825073886,0.17936465973115995,0.06092883684106032,-0.055777232664840456,-0.028171220125746535,0.025456013971032632,0.12149851108976426,0.029366622352257035,0.1816658557541039,-0.03399574470439752,0.02039417607096064,0.12819081961560552,0.1565875439549358,-0.10213568044801723,0.10213568044801723
rv_park,,,,,,,,,,,,,,,,,,,,,,,,,,,,,,,,,,,,,,,,,,,,,,,,,,,,,,,,,,,,,,,,,,,,,,,,,,,,,,,,,,,,,,,,,,,
shoe_store,0.040483909184362246,0.442634849902924,0.21099414710755454,0.3439126009730803,0.2097058588174478,0.1952281455089961,-0.061232518429469474,0.44100136386470695,0.36420451015655914,0.48468256280235833,0.14400359455884276,,1.0,0.3054007214976595,0.006621336172963149,0.32761346759663684,0.27535755777183824,0.10507151104911572,0.3598996525516713,0.061442360515522314,0.5713648527739895,0.2302308190619611,0.15250905664069303,-0.08232295378571002,0.45370836122461866,0.3732196425615122,0.21728579346586174,,0.1360204575669416,0.45471791354541724,0.028546372579531028,0.04053712631938363,0.11929315166631317,-0.04104676749130546,0.24121985389957298,0.37981562726006857,0.04740777105169279,0.12105370288657902,0.0041641961058918354,0.139535940767495,0.2711310695300997,0.3331267188728329,0.08206871689962901,-0.04358303729621977,-0.021340492122561623,0.2996254311816697,0.32999419539681674,0.3844643546646401,0.2623843059279413,0.1554027422919855,-0.037171059482930154,0.14967170722465686,0.29647715928150886,0.1213631669982095,0.1154996389300635,0.31068175321383357,0.25723032073184926,0.376376878945302,0.23475891317191652,0.4911576834109429,0.011312678559406087,-0.022173755105399973,0.06717003765712037,0.5539153033588905,0.38736205845110167,0.276208283530701,0.4145420636180808,0.30505751962073335,0.005159792509815262,0.33016703374929013,0.3691892129236176,0.3507165093870177,0.37351541768919394,0.008282030717822495,0.10144596255836662,0.23837993799401183,0.4192719442693494,0.24690589094739498,0.25341664741425973,0.0722916127378239,-0.05810281901934444,0.002251560958655477,-0.03687224803770543,0.2969777133477392,0.4002886684696167,-0.005268638948113663,0.1498874347846402,0.3094550933126515,0.42629122849500123,0.14461216485911907,-0.14461216485911907
bank,0.07061927255325988,0.26351618988863673,0.14763160016168003,0.3654725307947803,0.20156462862460686,0.13769767065938615,0.01831345752890277,0.46215848731475156,0.3980001563704748,0.2347120040123619,0.22349809894881667,,0.3054007214976595,1.0,0.031974238761117026,0.3202324862864806,0.10770829674871953,0.005395698841808777,0.27872891300693553,0.029094834014690568,0.39575613077874316,0.28706728674182064,0.03771493169441158,-0.1296669686069173,0.39631460167134425,0.2807963687980216,0.45353229703999964,,0.023024957378429942,0.3404685541892009,-0.00419963624326176,-0.01667898705533452,0.10937388981757316,-0.06465280540789345,0.3019512174558741,0.2361884850889236,0.057552718686492574,0.19025278285463137,0.05755271868649249,0.2151510791983717,0.2894978351381942,0.22013587987647804,0.17526882353011872,-0.07054212427133694,-0.004199636243261743,0.362418734057883,0.39591011684788774,0.307141817580541,0.2474025790067637,0.08470554719216003,-0.07001465407682617,0.20956460526194007,0.4057534903708712,0.24842995969839374,0.2214306323492181,0.3159062652391461,0.11999004335943181,0.4463623072744021,0.29614187548041754,0.3327398225442306,0.08777403299694775,0.010994361240574124,0.0600205699759937,0.3736705932749281,0.206535777254919,0.41661026819160735,0.5907636407405651,0.26853762287250976,-0.10173264697324275,0.204596150797677,0.30321799939998717,0.2655840630911066,0.35436541414034756,-0.023467481985561076,0.06440600391265577,0.34944146294886697,0.34662193824054477,0.39825900808535686,0.11748041703640917,0.09707429073581676,0.04062020425818317,0.12986312949104126,0.07397743796534385,0.2452865578699099,0.4229535715389212,0.10770443279234744,0.12312703175559245,0.4304933485331918,0.38183011349673684,0.04816054589110935,-0.04816054589110935
bowling_alley,-0.014560190658208799,0.045618355126691386,-0.0016686888595784264,0.027955794837332376,-0.02958269166294925,-0.0321222605468783,-0.026231311454981195,0.010238330728166076,-0.004130327621907023,0.0299745324665089,-0.027390761966216506,,0.006621336172963149,0.031974238761117026,1.0,0.09902538258826345,0.11347451231350736,0.049719219696047756,0.07044609968229716,-0.032122260546878265,0.05217967578945044,0.09500222803103253,0.017116940144981635,-0.011866145411532017,0.01847974286725455,0.056687413071490354,-0.014399299635098436,,0.0026094188919292124,-0.005600821197986903,-0.010266810585544612,-0.0434008968601767,0.053630290017517054,-0.00591653833258988,0.038851434494290495,0.04378325435620574,-0.011866145411532062,0.012285902336679266,-0.011866145411532095,0.033898776292665814,0.03181089373378495,0.012769995155845587,0.07146161630080876,0.037029926348437305,-0.010266810585544591,0.11389336290235587,-0.008665822268237379,-0.009186093681803262,0.03877904295206121,0.008283153665626063,-0.017882822232191876,0.021573888693827883,0.019234326202820694,0.028307956902290446,-0.004954959730555531,-0.007131993656089192,0.03683936600739938,-0.020562758520529634,0.03242872201130531,0.054135982305063834,0.11771648721960737,0.09177788727679267,0.020873537417723336,0.03592450840420752,0.0346411120438622,-0.022861050802677627,0.019110849874734933,0.04618238418990775,0.07542324510143233,-0.003126647419965352,0.030759190387572365,0.10211446738891485,0.07422516753381031,0.008154215277652496,-0.013279146932509029,0.0306596347040433,0.0630855071060396,-0.0012808381760420157,0.0374824584032788,0.02004916025441757,-0.008375021395589727,-0.012792574605265124,0.08661855860486133,0.06466416764385273,0.0005087463187953379,-0.05036728900908423,0.020944854315659917,0.015428747299845884,0.04655190740946556,4.231898886404438e-17,-4.231898886404438e-17
bar,0.02678530791523594,0.2956826072986489,0.24034444119530812,0.28945007820189894,0.16774501929801125,0.19875591443888624,-0.005527755013337508,0.3532526939056842,0.31583056713538266,0.23029866823384454,0.08422225057948377,,0.32761346759663684,0.3202324862864806,0.09902538258826345,1.0,0.282593333961958,0.08320220368381775,0.38060584750909265,0.13171769220465876,0.4484243413307709,0.32068543164574487,0.04401890507670031,0.03627511334983514,0.400950686098228,0.36740481528019814,0.14958679667042404,,0.05619239447853859,0.4094919646934678,0.06888234112569144,-0.011658505815634716,0.14421724621193716,-0.04673811606394988,0.2643417231908933,0.26876398350133623,0.07961263814831059,0.14292104498437552,-0.0070624114486405425,0.15596185692003695,0.3018407886940893,0.48585763264124215,0.157368537339814,0.05449697755226728,0.018887093534463613,0.44593284710330194,0.28899472433512335,0.31739672973706046,0.24968629922454041,0.18375122342950342,0.03289770794399794,0.146180736724826,0.2580948402205725,0.18602570668981097,0.21963788026554973,0.35297754184856495,0.3009508046706031,0.3023880834030588,0.2741426221431466,0.38770854751057304,0.10751285642572792,0.04791991441187468,0.15017088715169769,0.4221482204117947,0.3316985583793269,0.271065454211674,0.3066351497504085,0.34944882815774425,-0.029069419679863318,0.2548413409419786,0.3724595108390889,0.3583486479783433,0.4639714461768325,0.0495243959315984,0.08909278312303968,0.3394018749668862,0.3637142347156394,0.30236404091081115,0.18989925964761142,0.17511657518689033,-0.06615907816721575,0.012569687102956828,-0.019828093309545963,0.28081365144269255,0.36819526925326285,0.0849923432823105,0.1470966224154016,0.35971152194343115,0.41719955084130894,0.1189139244652527,-0.1189139244652527
university,0.17276763666368308,0.4145866296238301,0.4018366021063985,0.19503117100470663,-0.03558294399936472,0.037108518478353864,-0.0118936387434224,0.22221250293201064,0.2695519772021068,0.2874596549453278,-0.028776541783246196,,0.27535755777183824,0.10770829674871953,0.11347451231350736,0.282593333961958,1.0,-0.02106985774060899,0.29022145006824657,-0.013239722673181053,0.3051668789291218,0.25803245061071384,0.095906335462694,-0.03278921790045661,0.35519720841470626,0.3619493179708217,0.06787531176383552,,-0.02714540007388346,0.31970998624283403,0.046726801219659095,-0.034774930589562825,0.11681198777647225,-0.016348920215924115,0.107356526251613,0.17099650675206704,0.032307023519567296,0.00998503366584598,0.03230702351956805,0.09367105524754675,0.14668425707059005,0.3486221403444589,-0.008628804090441398,0.08065478114260692,0.04672680121966035,0.2465561423739747,0.13265531604075537,0.2781649989899652,0.3674466482903159,0.22888488302293944,-0.005813511360763088,0.059614214457092085,0.143816024463679,0.07822218041284663,0.10047387544269284,0.282115869432836,0.28585976801667634,0.2186610219594399,0.19757584611566875,0.3535803131962215,-0.000765367039849263,0.03710851847835214,0.15876339415193258,0.2019878657279239,0.2991736531437655,0.17809968187048214,0.16209576881293858,0.317466719761688,-0.054580584903610084,0.2438437476282214,0.34811745028363517,0.28686126155980635,0.24931250074075495,-0.06693388320454553,0.1964192458031459,0.18205888717681867,0.2080266461480459,0.1594760622326188,0.03877090093632153,0.1559607893893668,-0.023142342516222696,-0.003909203492903093,-0.04332115848933234,0.20336131295270257,0.24700683608352939,-0.03556197466501896,0.03949187953720331,0.17572309431366606,0.263288848463397,0.12279967718950387,-0.12279967718950387
car_dealer,-0.06029230406893137,0.057074390441470745,0.14573554356237522,0.08166494982310255,0.020045289172501205,0.003023070273249585,-0.015071849008969733,0.07525781356619612,0.010883903321863132,0.06958330061292567,-0.059100377243808046,,0.10507151104911572,0.005395698841808777,0.049719219696047756,0.08320220368381775,-0.02106985774060899,1.0,0.08775417449485591,-0.03584497609710234,0.07429259002106095,-0.0011536504253259951,0.15275111550644668,0.0011167393216085797,0.05043546906965778,0.04827335334348959,-0.07046717400805504,,0.05206211481537576,0.10618689495313934,-0.042513843408554235,0.11782633974606119,0.0343211001534445,0.07572664798500409,0.06215815605080579,0.1020529932868829,-0.04913653015078539,0.04624972900628848,0.0011167393216085376,0.06627509162965192,0.02962253774711104,0.07647830072173027,0.0745553233933516,0.04460719968121891,-0.042513843408554096,0.024360594480470617,-0.0013432629308043236,0.08462085577970671,0.007943136608787617,0.10913546327250745,0.06058717491783827,0.08933533135737007,0.10619658045275734,0.09542325016704017,0.04873024132204021,0.08265370319895353,-0.018348449707225774,0.09635207085811097,-0.005893346894450664,0.0759590154204368,0.07444725843976624,-0.03584497609710249,0.11813720177063322,0.08790353173506359,0.11583024763844092,0.023358980461066103,0.08306023784804607,0.1040908447304191,0.2528120931060357,0.067560512655631,0.10970762924516056,0.120353084983423,0.14749242730584353,0.33593129962030005,-0.0549876291749981,0.09601697274829168,0.0493550723333237,0.05327932022901977,0.012827366877575724,0.09029944823242976,-0.03468013217821608,-0.059907400137207634,-0.10032974887322878,0.06773575304347099,0.04519760438309997,0.058066654760653064,0.08318249398043577,0.0873215208497603,0.08881612079385419,0.14650817883192294,-0.14650817883192294
movie_theater,0.1255280885941317,0.40021272241842715,0.3212563539742324,0.2665977478232167,0.1273201313236118,0.09470039207420922,-0.04376766893499297,0.28177702816277733,0.31255907706027886,0.2767333237471105,0.09002246512423548,,0.3598996525516713,0.27872891300693553,0.07044609968229716,0.38060584750909265,0.29022145006824657,0.08775417449485591,1.0,0.17880929292958994,0.39984629973443453,0.25006142260955805,0.08742142637449896,0.011680133357007905,0.3957905500116928,0.39561658986844406,0.09872630336084626,,-0.0001771388967055881,0.3624769745351457,0.08851347753710992,-0.004540683247683335,0.12414655070071033,-0.021286962019405067,0.13978258298841378,0.24107399950740555,0.0660531679499746,0.06672171161734311,-0.04269290123595845,0.061835440878371735,0.3456279242871738,0.46299473389724577,0.12800054631269156,-0.01608803325519392,-0.03693869535013242,0.343352672761114,0.2771464263539742,0.3155745740786398,0.344392021238259,0.27271409832408217,-0.06434014896170087,0.07762014262744671,0.18149384879689254,0.07826435089326474,0.11612987260293482,0.2544560780549469,0.3049845098852836,0.2374484066167662,0.19455866391540494,0.4453419627525838,0.013105429996232898,-0.010435733995019568,0.1252324266668526,0.3008486932682273,0.3431249261295439,0.26094245539919153,0.24071350328547986,0.3975976128268204,-0.07329405968325081,0.2615352596308727,0.3877793544312401,0.33603779507852544,0.32147114591683196,-0.026708507738483545,0.1469358987883776,0.22509163769299925,0.28327960450293993,0.20902530214764095,0.16192114105397468,0.1613787594520991,-0.030132275384343397,0.025253553273626085,-0.05880050900585259,0.22234732766023407,0.2908963108322958,0.09285141083554253,0.1214242270838573,0.3070965802303169,0.314865793708792,0.13986964007954472,-0.13986964007954472
taxi_stand,-0.024788430610565765,0.04682702160901961,0.05742694805194869,0.07696658217183973,-0.002877939157233431,0.09598214285714475,-0.044658278115290044,0.11297094178312961,0.023481187217987337,0.102062072615965,0.0016248160000061776,,0.061442360515522314,0.029094834014690568,-0.032122260546878265,0.13171769220465876,-0.013239722673181053,-0.03584497609710234,0.17880929292958994,1.0,0.07526459948807347,0.05441002017184512,0.03575312410344978,0.0772000145777162,0.13258728266406344,0.1507202945578063,0.031518664575779815,,0.010154246803867001,0.10748866730998592,-0.01747903772455836,0.019993534867225844,-0.04369571825444406,-0.010072787050317177,0.03425303036646108,0.07060158816502572,0.17460190212903998,0.029880715233360076,-0.02020187297360775,0.05771198218754591,0.01384474996823881,0.07129242046361578,0.03116035885331697,-0.009906710304291546,-0.01747903772455836,0.14290766627637574,0.01872068490275896,0.0659735108099875,0.13717292378910442,0.2014557410063445,-0.030445143777965863,-0.01775913006275719,0.07484811885651194,0.048193725059753244,-0.020637383726741534,0.08821589327016156,0.040387813414049616,0.09291512378175842,0.06989544741400355,0.07421111483717874,-0.02977519148328628,-0.0546874999999999,0.02135707719942089,0.07188373887831355,0.045594731353117465,0.07188373887831327,0.005915606553503632,0.017203569204890225,0.07412902703408404,0.02342143805014036,0.10371943019564689,0.04043879707459412,0.0532546006688816,0.030615621039948162,0.06459279866609882,0.09075051054017984,0.04976505860704087,0.0524901844227108,0.060083789936944354,-0.0034829888285961533,-0.014258304825804773,0.1596719157829305,-0.02025636636100515,0.03624062303265747,0.08438584127276544,0.01760922972445406,0.008150443788464358,0.08565931310548665,0.037568304011079225,0.06681531047810632,-0.06681531047810632
jewelry_store,0.054618969397502416,0.4481679631413324,0.28218798994587657,0.3658024179156539,0.16637727171177363,0.19400424308778857,0.0031376201660166954,0.3963564570852834,0.33204460257775137,0.4111932869662844,0.13600569751134253,,0.5713648527739895,0.39575613077874316,0.05217967578945044,0.4484243413307709,0.3051668789291218,0.07429259002106095,0.39984629973443453,0.07526459948807347,1.0,0.29008638670975834,0.11493835519078924,-0.07245534041614167,0.5037244838740249,0.4071688610811625,0.150218083494027,,0.1149623726958307,0.519146081291022,0.03851341142058901,0.03018479932346204,0.17416091860460006,-0.036126710410638724,0.20850621384106774,0.394158038466313,0.059133954958465185,0.05887094125320581,-0.028592241957938934,0.15848205474824756,0.33286994085581034,0.4049704620111112,0.12388833566749648,-0.05313002342634996,-0.012088151029819902,0.3509799018145661,0.3880126654017758,0.44806056014203316,0.3531505131466173,0.15536105508431902,-0.05043466683169803,0.1317313580105037,0.27860475308577803,0.15382447745549566,0.17488353319493052,0.35190189620033174,0.3154481249199528,0.4121137466276611,0.3368983011907604,0.5448198845732654,0.06588310479471568,-0.00954943165458029,0.11042681635869331,0.4414862154586586,0.42393382072778224,0.3368601526499431,0.3872763198079844,0.39263135059594806,0.008345651437436133,0.3267126194449118,0.4152194526958578,0.43300535645280963,0.39286099541828645,0.00834486367912164,0.11526177697149838,0.2576206038544617,0.40385919700544226,0.27246784515716427,0.24398489934080295,0.10548150161401833,-0.051138344016936836,-0.0720593509821194,0.010034278758643055,0.43225645602752466,0.37546050783720136,0.029909829691233444,0.18518306209882507,0.360883597085554,0.4140897245671941,0.14668393243203007,-0.14668393243203007
church,0.11588069956017583,0.24690994401539398,0.23769657629244645,0.2858804982730981,0.15279627731904677,0.13826107865585274,0.08767809937250932,0.23202418060636176,0.27136322633450843,0.20447945297729656,0.17307283628978132,,0.2302308190619611,0.28706728674182064,0.09500222803103253,0.32068543164574487,0.25803245061071384,-0.0011536504253259951,0.25006142260955805,0.05441002017184512,0.29008638670975834,1.0,0.046281946139004264,0.007709347531418817,0.27313998597215855,0.2890034882965371,0.16449417975060393,,-0.015681712692375296,0.28275226362104205,0.03168378934071333,0.011030098373793222,0.10627177700348335,0.04708816093480054,0.20193193339400323,0.15654854015143538,0.05107442739564891,0.05986545392310663,0.007709347531418864,0.12983377076385186,0.29015807128283344,0.264924630955202,0.12668235252189808,0.09142067059290683,0.08171082514183887,0.33466228664376013,0.25525975460915806,0.22477059418716636,0.26324505027270373,0.08744944173605973,-0.002904584569150874,0.1436680697657764,0.26971397705176225,0.1697031253406061,0.18248845378335604,0.20569891610085614,0.2502971847797801,0.21427891886245715,0.2780705481932104,0.2805746431657359,0.12007287350083487,0.05441002017184532,0.11585630615293771,0.2646955626099001,0.21132543512533944,0.2726523430490774,0.25594259517167195,0.3126719741425531,-0.02936759410536475,0.20587832255251742,0.2962885014844545,0.27205848202577815,0.297435944209466,0.009602142481803962,0.1056852119744713,0.24803815846503122,0.25652009340944565,0.28355550666957646,0.1632696136047761,0.10001947567182339,-0.055772196437432565,0.024019488730002918,0.05411100136275502,0.24156805032014936,0.2934268953235241,0.07874033903919032,0.05375048623555675,0.31117432481694274,0.2496884104727333,0.08180530384641234,-0.08180530384641234
